100280813
100319477
10032807
100375221
100381522
100567980
100708921
100789390
101016517
101473231
101473720
101473781
101478687
101478716
101600786
101689591
101729675
101734537
102002544
102053641
102057665
102057996
102058967
10225273
102273248
102273324
102273328
102337832
102498864
102712274
102712294
102712303
102713204
102713240
102713355
102715375
102763831
102920370
102974197
103028096
103185510
103236433
103236505
103330468
103330485
103416193
103416236
103476593
103525392
103558578
103617142
103617240
103619579
103982046
104013838
104019320
104275407
104275439
104459584
104464608
104684956
104725178
104725280
104725392
104976043
10503743
105074244
105323196
105479505
105480252
105480285
105512381
105529583
105934111
106128728
106141184
106141569
106141733
106141741
106205306
106242187
106242209
106255386
106255387
106255389
106322971
106346680
106391547
106605613
106768987
106887936
107046437
10714021
107216983
107217945
107220333
107293363
107323937
107339653
107385298
107599260
107709304
107738415
107738540
107842993
108128190
108316868
108332738
108576502
108636364
108636395
108636415
108636531
108649110
108889560
109146093
109146315
109146626
109194938
109197475
109344866
109412049
109464722
109465053
109645625
109682373
109722701
109822688
109862938
109862971
109863651
109974196
109974265
11303528
12298735
12867829
16463605
16580227
16821711
17450704
17555415
18726106
19841753
20054162
20348472
20824906
20833898
21226356
21371962
21669313
21824150
21855802
21899646
21934288
21959165
21993109
22023442
22119620
22510049
22753900
22797904
23040876
23397235
23505380
23613217
23899294
24205285
24423272
24526245
24836763
24936845
25233508
25241286
25257941
25333847
25345219
25482975
25670604
25724583
25837954
25955488
25983994
26024066
26032689
26096183
26209181
26387129
26607952
26909859
27060951
27287387
27367858
27757923
27880895
27916882
28393603
28747104
28963937
29142339
29228939
29283093
29545775
29856814
30018528
30300565
30884062
30902763
31322107
31457503
31630813
31717314
31771350
31780094
31817483
32559589
32683998
32752935
32833761
32932317
33308395
33559795
33760866
33883786
34188474
34256956
34385526
34575991
34606483
35004905
35158842
35199412
35470152
35623453
35694921
35757847
35780813
35957687
36071630
36178043
36474466
36512378
36599875
36748982
36861488
36941576
37093751
37141581
37185030
37206224
37284482
37399701
37471730
37955985
38115694
38508668
38653229
39260834
39404936
39412986
39483220
39565038
39616092
39672461
39792994
39986860
40170209
40180492
40211555
40426417
40519888
40526741
40654094
40813957
41225637
41537550
42193743
42265158
42274184
42400234
42431453
42640964
42735332
42740643
42849844
42876045
43031705
43078744
43118885
43182473
43193428
43399849
43471319
43527133
43533068
43659415
43849036
44032897
44070344
44177441
44214573
44273001
44379425
44416378
44501259
44667911
44785036
44820288
45023370
45036630
45104369
45116409
45232142
45544201
45557577
45686138
45704627
46442592
46613321
46853869
46895056
47367016
47576261
47582291
47771451
47784999
47954684
48145732
48205504
48442423
48557687
48672230
48801986
48908870
48911167
49140779
49201180
49285336
49445525
49504438
49637583
49920570
50071388
50110490
50143337
50682851
50739353
50794371
50832596
50893521
50903937
51076450
51080588
51143260
51357901
51490756
51705483
51822851
51835616
51929067
51935736
52000299
52184377
52220349
52308577
52369845
52370046
52472936
52569349
52746451
52778908
52789130
52797872
52922390
53028872
53034919
53196429
53576528
53583558
53613368
53724565
54177015
54182276
54203273
54424038
54431055
54489090
54525108
54616557
54662220
54698736
54735155
54758877
54844540
54972737
55064991
55283673
55524933
55731459
55899863
55947431
55951628
56098620
56193849
56224599
56283203
56384394
56547593
57003318
57042218
57734667
57842277
58367566
58569267
58692553
58819693
59082760
59121739
59153039
59190566
59266551
59307044
59515973
59550751
59592236
59668916
59671333
59731576
59899814
59900174
59941740
60004476
60235758
60246171
60256293
60365789
60370428
60418200
60607585
60652931
60723033
60738735
60752801
60819815
60888396
60941062
61146012
61202551
61259746
61293488
61323040
61355046
61428250
61465674
61588413
61809180
61810029
61868194
61878255
61904651
61929218
61934763
61963244
62046123
62243329
62374064
62635157
62693910
63035597
63087388
63116598
63125642
63171800
63241414
63267128
63348869
63366984
63417360
63433448
63511565
63743461
63815461
63926998
63970290
63984313
64078949
64181732
64305129
64356788
64427291
64580024
64643626
64749414
64831104
65176573
65249818
65407409
65579263
65820184
65927933
65995162
66000555
66103229
66224595
66567345
67063244
67203446
67359646
67590143
67976304
68131613
68145496
68307088
68314347
68417705
68455550
68527910
68566504
68606374
68624123
68737695
68776890
68784829
68958404
68981006
69016749
69028077
69034799
69138536
69444788
69566198
69579566
69637371
69664840
69706563
69752053
69761840
69852975
69883401
69995066
70028065
70043490
70094088
70105734
70174596
70194173
70217314
70360413
70506657
70546534
70618102
70729702
70730257
70975250
70993509
71024181
71774488
71862191
71961647
72066204
72132154
72444290
72526449
72929024
73213051
73283158
73360914
73373799
73387323
73427766
73471428
73538276
73571769
73647802
73705192
73824235
73919561
73927083
73933244
73965709
74161272
74286423
74305710
74326748
74600955
74669028
74809341
74856467
75187483
75306840
75750373
76051266
76147279
76151794
76164873
76191233
76278599
76290557
76450791
76622037
76828351
76887613
76893733
76903151
76953370
77052077
77084129
77282052
77364908
77483943
77589107
77866618
77926159
78074955
78292182
78558512
78734776
78863178
78952130
79059267
79068262
79072592
79145178
79160249
79187067
79304174
79325606
79353561
79394952
79430891
79548890
79591200
79897374
80006267
80121605
80302123
80462694
80685669
80695213
80769939
80845843
80860774
81274061
81341983
81496009
81552781
81614163
81810571
81991569
82107148
82119792
82155539
82316046
82394094
82456801
82462626
82473498
82518065
82781602
82803893
82852352
82963448
83067001
83168165
83198139
83227152
83256037
83285720
83419487
83512790
83609521
83754090
83812038
83925443
84064332
84255698
84363763
84535930
84593610
84628344
84647761
84857606
84929841
84952438
85242760
85290517
85302715
85322242
85325384
85347468
85348996
85505197
85706915
85737282
85757269
85809537
86026893
86026950
86147513
86160666
86287780
86295589
86527438
86554729
86600979
86609668
86736621
86780144
86819933
86827532
86898129
86994527
87009152
87009394
87009402
87009569
87010873
87010976
87023843
87265846
87337086
87337289
87338661
87560838
87608910
87895951
87898933
88192181
88424325
88622892
88650556
88742240
88830514
89208465
89263016
89509166
89514444
89565786
89609589
89610083
89613105
89613876
89658617
89755291
89799823
89799859
89800049
90262968
90335176
90335883
90385608
90386590
90388767
90389619
90391075
90391211
90395557
90397956
90563596
90778604
91167155
91258385
91356875
91476449
91535288
91649470
91820111
91866748
91867973
91950875
92088088
92369652
92461477
92539270
92578441
92716435
92776129
92791130
93005364
93061919
93364953
93386564
93488742
93488936
93532523
93616150
93923747
94239332
94346748
94739824
94782751
95265248
95265550
95265909
95308818
95358932
95457351
95649212
95649220
95876387
95878712
95983142
96099847
96299206
96330699
96388733
96388739
96729120
96731728
96808151
97008475
97104698
97369102
97467826
97467889
97503185
97512436
97550137
97822102
97822130
97990195
97990324
97990387
98006911
98059413
98084125
98087279
98087336
98090183
98172670
98223128
98347665
98382162
98462897
98462908
98477366
98477755
98554833
98641058
98641224
98666840
98667443
98668171
98683347
98683708
98750489
98750898
98751081
98795092
98822196
98862842
98866021
98867158
99107659
99161309
99186806
99274416
99274464
99274497
99295843
99486677
99510595
99655324
99655370
99655394
99961738
