100005494
100008948
100056909
100158822
100158829
100177192
100214592
100216545
100240908
100242425
100274969
100320306
10088943
100934802
100947730
100948711
101042077
101094693
101169728
101199241
101260772
101353585
101374226
101386599
101526664
101610963
101736611
101780352
10201778
102124428
102160223
10222190
102227224
102284561
102385267
102386700
102472108
102493380
102514979
102515253
102570165
102605436
102651044
102733776
102761084
10276705
102929036
102960626
10298570
103093369
103177825
103182733
103182874
103356726
103454020
103553366
103555306
103555363
103569950
103622446
103673729
103673886
103686800
103802678
103842853
103844156
103849944
103914628
103966696
103966697
10402235
104024465
104083391
104183787
104237924
104284194
104284877
104333290
104392728
104392746
104392759
104399805
104399813
104539505
104631358
104633314
104692382
104699581
104741687
104834607
104882322
104923285
104958658
10495884
105068498
105078892
105199573
105251379
105304627
105328473
105335559
105350704
105406926
105480180
105533999
105552070
105605758
10566918
105917450
105917934
106009426
106091738
106130055
106272032
106325970
106592652
106595818
106597760
106637527
106672574
106769887
106894905
106995129
106997155
107011206
107031131
107232987
107246413
107246473
107246922
107261578
107263184
107268424
107524404
107534393
107626085
107808333
107840038
107840098
107840454
107863437
107883055
107901056
10793552
108010590
108024840
108027488
108028960
108055495
108103241
108124812
108212090
108226782
108241896
108257505
108257603
108290992
108301921
108345978
10836074
108426131
108456539
108494105
108585514
108622967
108668544
108680725
108681044
108705028
108709251
108720778
108724985
108732945
108775051
108788704
108916444
108937783
10895682
108988512
109008192
109059894
109099374
109115950
109115980
109116905
109191297
109241540
109261865
109284584
109306045
109319682
109340567
109353930
109376344
109516126
109516500
109516959
10953668
109575266
109576486
109576496
109576516
109613807
109710321
109722728
11394271
11833587
12169329
12523307
13066183
13287236
13742672
14109481
14321734
14787268
15034920
15224537
16006973
16785015
17516174
17578807
17615245
18235570
18648387
18921013
19267599
20109253
20539597
20655443
20663697
21136431
21235515
21287327
21544604
21999330
22046971
22090617
22144469
22223644
22254845
22338631
22364174
22411289
22542977
22562266
22607028
22667023
22725019
22734041
22770765
22799287
22887506
22918677
23130286
23142214
23181528
23239369
23342204
23353560
23434821
23500580
23701582
23746412
23875214
23938717
23953801
24190492
24256785
24284521
24294787
24332875
24418620
24431143
24520510
24674450
24804961
25045043
25098898
25145344
25225907
25275033
25379283
25453669
25540593
25585754
25683020
25840842
25911807
26426727
26807227
26879219
26951186
27061878
27093846
27226379
27378410
27410226
27611939
27794042
27810860
28191899
28684886
28847122
28901971
29277635
29366884
29493569
29640733
30002756
30086267
30105632
30112055
30218764
30259025
30516984
30662462
30974542
31258025
31542669
31651743
31709088
31774444
31828314
31838817
31863336
31896199
32064447
32085858
32159162
32175461
32212983
32244789
32298635
32450621
32588457
32623257
32665260
32831035
32895431
33042931
33469477
33764814
33791152
33958563
34072194
34200772
34232583
34505384
34706929
34775012
34810873
34892712
34947359
35061090
35155045
35234901
35944108
36135856
36284996
36302933
36380611
36611669
36622133
36709704
36894664
36905145
36966956
37077026
37476849
37560300
37973670
38370650
38397523
38625587
38647168
38664252
38822479
38950780
38961019
39012912
39032856
39104537
39337151
39468344
39733927
39755957
39938820
40024333
40192861
40335470
40381183
40474904
40549406
40721313
40770998
40870172
41041244
41061087
41070054
41171109
41218286
41268804
41551054
41601746
41626454
41914804
42096124
42156415
42236822
42288382
42313527
42361929
42560006
42620028
42651654
42914992
43023797
43191468
43213257
43262686
43471030
43614683
43756302
43806353
43832374
43972731
44113397
44132743
44242037
44315871
44361142
44381436
44419915
44469393
44623009
44639721
44824176
44859384
44911348
45125972
45394096
45749898
45993104
46359104
46465587
46826169
46916486
46961720
47222801
48336261
48418434
48476987
48544925
48576205
48775701
48905037
49140856
49260634
49791914
50028717
50435566
50496965
50512213
50660824
50709916
50779378
50800352
50949847
51006135
51285198
51420897
51550609
51626681
51832182
52112657
52165035
52420524
52437155
52560521
52705520
52745714
53151221
53216790
53247932
53326536
53369821
53540432
53598657
53793508
53909531
53916662
54064428
54104624
54310525
54593547
54611224
55108687
55113296
55550870
55729837
56034604
56334199
56389588
56502252
56596599
56716381
57453025
57494024
57742404
57757499
58034411
58234588
58869775
59057738
59257855
59462809
59792859
59855737
60050573
60285844
60416002
60528171
60703257
60742577
60766483
60836415
60859468
61071546
61365380
61442013
61510074
62070945
62206182
62292140
62315066
62331021
62564829
62595608
62768699
63070589
63294912
63424662
63454909
63508429
63568180
63783230
64015540
64029014
64167819
64206495
64283342
64304402
64339567
64372146
64432198
64497529
64519331
64527128
64539656
64543324
64648340
64659521
64709414
64724612
64757462
64761144
64775379
64794560
64889379
64890265
64973616
65050348
65073908
65093627
65101515
65151593
65246006
65358860
65365412
65376616
65384370
65398345
65508336
65654252
65731090
65746417
65767375
65775157
65853345
66042973
66076812
66095759
66158707
66176568
66205487
66212305
66262358
66274427
66335313
66434644
66548517
66605579
66648275
66813867
66868646
66914405
66922007
66958625
67010113
67034638
67048909
67054574
67080006
67125812
67180369
67346360
67402003
67505923
67676107
67792479
67830508
67879769
68250168
68298261
68319177
68336926
68417671
68479829
68480742
68499483
68544091
68621073
68637731
68667837
68670835
68687447
68694670
68714348
68743260
68773522
68834803
68858995
68862718
68938362
68940456
68976749
69053209
69130337
69142564
69192764
69279239
69460332
69548927
69564370
69751066
69811884
69831948
70035721
70112868
70173163
70288469
70306346
70472308
70547548
70600737
70707056
70776035
70866746
71057913
71156943
71178776
71468083
71587412
71597186
71658912
71684861
71742791
71779782
71802171
71888846
71910027
72162210
72367885
72877742
73042993
73108031
73145522
73171431
73218606
73274996
73311753
73458389
73483331
73697533
73983104
74239267
74433214
74572238
74697570
74979702
75423030
75538310
75580870
75679048
75733171
75749350
75758372
75828054
75836010
75943479
76219144
76223364
76680898
76710449
76786337
76842344
77050669
77734791
77751559
77836959
77888399
78102378
78360218
78420413
78726843
78900870
78939409
78945388
78954262
79006119
79121215
79154426
79224540
79874038
80087567
80161596
80286798
80352462
80416742
80534232
80695855
80797917
80885448
80906633
80942871
80967050
81128076
81726020
81764522
81795971
81863690
81883933
81950907
82067528
82129820
82160139
82253142
82307449
82367968
82461296
82584391
82618098
83007165
83041806
83054978
83107567
83116427
83125887
83163834
83170820
83185407
83251011
83331593
83520271
83551805
83563653
83619949
83643171
83675288
83779735
83904971
83949401
84001575
84013244
84112436
84139837
84206640
84211764
84259028
84281288
84299779
84328011
84363769
84428130
84554470
84628337
84775846
84791366
84852382
84913825
84994526
85067565
85094223
85214517
85289423
85316531
85369114
85370571
85412427
85412552
85466160
85597079
85628848
85647813
85678209
85688224
85731927
85804715
85930630
85957104
86074399
86097763
86297284
86469851
86492844
86560492
86716864
86820160
87041006
87198408
87206152
87212650
87256664
87353897
87388328
87451984
87497064
87589186
87617882
87641284
87658037
87713314
87715634
87788637
87789821
87790415
87828706
87839478
87843512
87887215
87992054
88019474
88026309
88069525
88405635
88504819
88548561
88591255
88602444
88637336
88640148
88656652
88730649
88765020
88824242
88831334
88831446
88877555
88900870
88941426
88941488
88952612
88992505
89093438
89188972
89237505
89361198
89424964
89425132
89472327
89488211
89506297
89596376
89816111
89989606
90110005
90125600
90176617
90197628
90202214
90204539
90251653
90264684
90280591
90300371
90300879
90437506
90494272
90536577
90542086
90614418
90673276
90679899
90680833
90933333
91044164
91130389
91136095
91318001
91323859
91407351
91595984
91595999
91676820
91698510
91736344
91736386
91736400
91736415
91736613
91784721
91793206
91857936
91867319
91929836
92046834
92132039
92132102
92172125
92322539
92334678
92394592
92429035
92430600
92485267
92638243
92699456
92725597
92757619
92780573
92825037
92885104
92976101
93015235
93131153
93157414
93157906
93289510
93346734
93458724
93485289
93510064
93544433
93547230
93557792
93657809
93719726
93743188
93791843
93856243
93870837
94173420
94191560
94371571
94376628
94417695
94459512
94611654
94643975
94685101
94693776
94711561
94719673
94787141
94850202
94862329
94895528
94899961
94908198
94930354
95323214
95346357
95443507
95444970
95445039
95488904
95498422
95521382
95522078
95534739
95546865
95627789
95737097
95791785
95886927
95901596
95942804
96017437
96019696
96023657
96050106
96053193
96122900
96133184
96193684
96355017
96389405
96408952
96567719
96570473
96787152
96926801
96928526
97003777
97007263
97063880
97143203
97177713
97233352
97346944
97367023
97379736
97379752
97455417
97534403
97540242
97592392
97592433
97653707
97697951
97702918
97715116
97802352
97841640
97878901
97910715
97936488
98009522
98040758
98228359
98296616
98321567
98382004
98395381
98430247
98535713
98540753
98595641
98660415
98749265
98754532
98754571
98766418
98781782
98788731
98992368
99122772
99177037
99180973
99181676
99181821
99302637
99310243
99506401
99607868
99621321
99638055
99674822
99685395
99699317
99753031
99824127
99918741
99971123
